Model Targets: ['phenotype_outcome', 'effect_direction', 'effect_type']
Validation Loss: 3.2555847338267734
Best Accuracy phenotype_outcome: 0.9000
Best Accuracy effect_direction: 0.6702
Best Accuracy effect_type: 0.4593

Best Parameters:
  batch_size: 64
  epochs: 100
  learning_rate: 7.617107933779652e-05
  embedding_dim: 768
  hidden_dim: 1024
  dropout_rate: 0.5998793565539667
  patience: 20
  weight_decay: 1.0022489098738561e-06
  n_layers: 2
